Complete List of 91 Wavevectors (Indices 0-90)
================================================================================
Dataset: OUTPUT/test dataset/out_continuous_1.mat
Lattice parameter (a): 1.0 m
Symmetry type: p4mm
IBZ Contour Path: Gamma -> X -> M
================================================================================

Index  kx (1/m)      ky (1/m)      |k| (1/m)     Angle (deg)  High-Symmetry Point
--------------------------------------------------------------------------------
0      0.000000      0.000000      0.000000      0.00         Gamma
1      0.261799      0.000000      0.261799      0.00         
2      0.261799      0.261799      0.370240      45.00        
3      0.523599      0.000000      0.523599      0.00         
4      0.523599      0.261799      0.585401      26.57        
5      0.523599      0.523599      0.740480      45.00        
6      0.785398      0.000000      0.785398      0.00         
7      0.785398      0.261799      0.827882      18.43        
8      0.785398      0.523599      0.943931      33.69        
9      0.785398      0.785398      1.110721      45.00        
10     1.047198      0.000000      1.047198      0.00         
11     1.047198      0.261799      1.079427      14.04        
12     1.047198      0.523599      1.170802      26.57        
13     1.047198      0.785398      1.308997      36.87        
14     1.047198      1.047198      1.480961      45.00        
15     1.308997      0.000000      1.308997      0.00         
16     1.308997      0.261799      1.334920      11.31        
17     1.308997      0.523599      1.409833      21.80        
18     1.308997      0.785398      1.526540      30.96        
19     1.308997      1.047198      1.676334      38.66        
20     1.308997      1.308997      1.851201      45.00        
21     1.570796      0.000000      1.570796      0.00         
22     1.570796      0.261799      1.592464      9.46          
23     1.570796      0.523599      1.655765      18.43        
24     1.570796      0.785398      1.756204      26.57        
25     1.570796      1.047198      1.887862      33.69        
26     1.570796      1.308997      2.044719      39.81        
27     1.570796      1.570796      2.221441      45.00        
28     1.832596      0.000000      1.832596      0.00         
29     1.832596      0.261799      1.851201      8.13          
30     1.832596      0.523599      1.905928      15.95        
31     1.832596      0.785398      1.993805      23.20        
32     1.832596      1.047198      2.110694      29.74        
33     1.832596      1.308997      2.252083      35.54        
34     1.832596      1.570796      2.413671      40.60        
35     1.832596      1.832596      2.591682      45.00        
36     2.094395      0.000000      2.094395      0.00         
37     2.094395      0.261799      2.110694      7.13          
38     2.094395      0.523599      2.158853      14.04        
39     2.094395      0.785398      2.236815      20.56        
40     2.094395      1.047198      2.341605      26.57        
41     2.094395      1.308997      2.469810      32.01        
42     2.094395      1.570796      2.617994      36.87        
43     2.094395      1.832596      2.782966      41.19        
44     2.094395      2.094395      2.961922      45.00        
45     2.356194      0.000000      2.356194      0.00         
46     2.356194      0.261799      2.370694      6.34          
47     2.356194      0.523599      2.413671      12.53        
48     2.356194      0.785398      2.483647      18.43        
49     2.356194      1.047198      2.578425      23.96        
50     2.356194      1.308997      2.695390      29.05        
51     2.356194      1.570796      2.831793      33.69        
52     2.356194      1.832596      2.984972      37.87        
53     2.356194      2.094395      3.152482      41.63        
54     2.356194      2.356194      3.332162      45.00        
55     2.617994      0.000000      2.617994      0.00         
56     2.617994      0.261799      2.631051      5.71          
57     2.617994      0.523599      2.669840      11.31        
58     2.617994      0.785398      2.733266      16.70        
59     2.617994      1.047198      2.819666      21.80        
60     2.617994      1.308997      2.927006      26.57        
61     2.617994      1.570796      3.053079      30.96        
62     2.617994      1.832596      3.195669      34.99        
63     2.617994      2.094395      3.352668      38.66        
64     2.617994      2.356194      3.522151      41.99        
65     2.617994      2.617994      3.702402      45.00        
66     2.879793      0.000000      2.879793      0.00         
67     2.879793      0.261799      2.891669      5.19          
68     2.879793      0.523599      2.927006      10.30        
69     2.879793      0.785398      2.984972      15.26        
70     2.879793      1.047198      3.064283      19.98        
71     2.879793      1.308997      3.163334      24.44        
72     2.879793      1.570796      3.280337      28.61        
73     2.879793      1.832596      3.413446      32.47        
74     2.879793      2.094395      3.560857      36.03        
75     2.879793      2.356194      3.720868      39.29        
76     2.879793      2.617994      3.891928      42.27        
77     2.879793      2.879793      4.072643      45.00        
78     3.141593      0.000000      3.141593      0.00         X
79     3.141593      0.261799      3.152482      4.76         
80     3.141593      0.523599      3.184927      9.46         
81     3.141593      0.785398      3.238280      14.04        
82     3.141593      1.047198      3.311529      18.43        
83     3.141593      1.308997      3.403392      22.62        
84     3.141593      1.570796      3.512407      26.57        
85     3.141593      1.832596      3.637033      30.26        
86     3.141593      2.094395      3.775724      33.69        
87     3.141593      2.356194      3.926991      36.87        
88     3.141593      2.617994      4.089437      39.81        
89     3.141593      2.879793      4.261785      42.51        
90     3.141593      3.141593      4.442883      45.00        M

================================================================================
SUMMARY
================================================================================

Total wavevectors: 91
High-symmetry points:
  - Gamma (index 0):  (0.000000, 0.000000)
  - X (index 78):     (3.141593, 0.000000) = (pi/a, 0)
  - M (index 90):     (3.141593, 3.141593) = (pi/a, pi/a)

IBZ Contour Path:
  Segment 1: Gamma -> X (indices 0-78)
    - 79 points
    - Horizontal path along kx-axis (ky = 0)
    - kx: 0.000000 -> 3.141593 (0 -> pi/a)
  
  Segment 2: X -> M (indices 78-90)
    - 13 points
    - Vertical path at kx = pi/a
    - ky: 0.000000 -> 3.141593 (0 -> pi/a)

Pattern:
  - 13 unique kx values (0 to pi/a)
  - For each kx, ky ranges from 0 to kx (triangular IBZ constraint)
  - Number of points per kx: 1, 2, 3, 4, 5, 6, 7, 8, 9, 10, 11, 12, 13
  - Total: 1+2+3+4+5+6+7+8+9+10+11+12+13 = 91 points

================================================================================

